am: [[1.2652762938253657, 0.0032517289212036444], [-0.467394586647568, 0.9846510482142157], [-0.49733326294106256, -0.9979906682525721]]
ac: [[[0.7975337653030325, 0.020953973436373608], [0.0209539734363736, 0.9891827355524841]], [[0.892530322450416, 0.06724817296633374], [0.06724817296633376, 0.7819956501429256]], [[0.8179363259946176, -0.011273104024078363], [-0.011273104024078353, 0.770440687588095]]]
bm: [[0.055003165953622035, 0.030082969368147184]]
bc: [[[1.4884033985193779, 0.023019373962773305], [0.023019373962773305, 1.5213506212308925]]]
oms: [[-0.5000000000000004, -0.8660254037844384], [-0.4999999999999998, 0.8660254037844387], [1.0, 0.0]]
ams: [[-0.49733326294106256, -0.9979906682525721], [-0.467394586647568, 0.9846510482142157], [1.2652762938253657, 0.0032517289212036444]]
bms: [[0.055003165953622035, 0.030082969368147184]]
aerror: 0.102939
berror: inf